A = 10; 
B = A + 45; 
